Iteration 10 Evaluation Metrics

Accuracy:  0.7049267643142477
Specificity:  0.8758837391987431
Recall:  0.34491315136476425
Precision:  0.5688949522510232
F1-score:  0.42945417095777544
AUC:  0.6103984452817537