Iteration 9 Evaluation Metrics

Accuracy:  0.751797603195739
Specificity:  0.744304791830322
Recall:  0.7675765095119934
Precision:  0.5877137428752375
F1-score:  0.6657101865136299
AUC:  0.7559406506711577