Iteration 5 Evaluation Metrics

Accuracy:  0.3419440745672437
Specificity:  0.3291437549096622
Recall:  0.36889991728701405
Precision:  0.20705663881151345
F1-score:  0.26523936961046685
AUC:  0.34902183609833815