Iteration 16 Evaluation Metrics

Accuracy:  0.7528628495339548
Specificity:  0.7446975648075412
Recall:  0.7700578990901572
Precision:  0.5888678051865908
F1-score:  0.6673835125448029
AUC:  0.7573777319488493