Iteration 11 Evaluation Metrics

Accuracy:  0.5480692410119841
Specificity:  0.7596229379418696
Recall:  0.10256410256410256
Precision:  0.16847826086956522
F1-score:  0.1275064267352185
AUC:  0.4310935202529861