Iteration 18 Evaluation Metrics

Accuracy:  0.8567243675099867
Specificity:  0.9226237234878241
Recall:  0.717948717948718
Precision:  0.8150234741784037
F1-score:  0.7634124890061564
AUC:  0.820286220718271