Iteration 14 Evaluation Metrics

Accuracy:  0.8231691078561918
Specificity:  0.8542812254516889
Recall:  0.7576509511993383
Precision:  0.7117327117327117
F1-score:  0.733974358974359
AUC:  0.8059660883255136