Iteration 6 Evaluation Metrics

Accuracy:  0.6375499334221039
Specificity:  0.8790259230164965
Recall:  0.12903225806451613
Precision:  0.33620689655172414
F1-score:  0.18649133293484757
AUC:  0.5040290905405064