Iteration 8 Evaluation Metrics

Accuracy:  0.6183754993342211
Specificity:  0.8802042419481539
Recall:  0.06699751861042183
Precision:  0.20984455958549222
F1-score:  0.10156739811912226
AUC:  0.4736008802792879