Iteration 12 Evaluation Metrics

Accuracy:  0.7491344873501997
Specificity:  0.7474469756480754
Recall:  0.7526881720430108
Precision:  0.5859626529298133
F1-score:  0.6589427950760318
AUC:  0.7500675738455431