Iteration 20 Evaluation Metrics

Accuracy:  0.8572569906790946
Specificity:  0.9230164964650432
Recall:  0.7187758478081059
Precision:  0.815962441314554
F1-score:  0.7642919964819701
AUC:  0.8208961721365746