Iteration 21 Evaluation Metrics

Accuracy:  0.8564580559254328
Specificity:  0.9041633935585232
Recall:  0.7559966914805625
Precision:  0.7892918825561313
F1-score:  0.7722855935783692
AUC:  0.8300800425195428