Iteration 15 Evaluation Metrics

Accuracy:  0.7541944074567244
Specificity:  0.7470542026708562
Recall:  0.7692307692307693
Precision:  0.590851334180432
F1-score:  0.6683435141933166
AUC:  0.7581424859508128