Iteration 17 Evaluation Metrics

Accuracy:  0.8202396804260985
Specificity:  0.8699921445404556
Recall:  0.7154673283705542
Precision:  0.7232441471571907
F1-score:  0.7193347193347194
AUC:  0.7927297364555048