Iteration 13 Evaluation Metrics

Accuracy:  0.8229027962716379
Specificity:  0.8593872741555381
Recall:  0.7460711331679074
Precision:  0.7158730158730159
F1-score:  0.7306601863102471
AUC:  0.8027292036617227