Iteration 19 Evaluation Metrics

Accuracy:  0.7683089214380826
Specificity:  0.8256087981146897
Recall:  0.6476426799007444
Precision:  0.6381418092909535
F1-score:  0.6428571428571429
AUC:  0.736625739007717