Iteration 7 Evaluation Metrics

Accuracy:  0.6394141145139813
Specificity:  0.9147682639434407
Recall:  0.05955334987593052
Precision:  0.2491349480968858
F1-score:  0.09612817089452604
AUC:  0.4871608069096856